11
46
66
68
64
39
31
17
70
16
50
71
44
94
24
29
83
83
51
90
82
41
67
61
33
59
90
6
92
51
38
52
48
3
71
63
93
2
31
14
17
80
85
12
25
60
41
59
94
43
100
76
84
66
88
68
76
77
74
68
79
63
71
78
17
42
40
9
95
70
22
11
1
58
74
77
70
66
36
63
9
87
90
44
5
77
11
80
6
36
99
36
98
70
14
14
63
53
74
57
75
48
19
75
57
44
4
26
10
39
89
70
25
30
13
81
7
75
61
64
11
11
99
60
32
12
26
94
17
51
2
91
98
72
17
55
16
20
32
77
10
72
98
87
2
10
67
8
36
79
71
46
90
21
58
21
33
83
67
49
33
68
91
83
92
7
37
7
79
20
35
88
92
32
74
93
41
93
52
28
71
74
74
60
94
83
33
78
65
99
26
49
66
68
31
57
27
19
15
5
39
49
44
82
80
70
74
72
62
77
100
32
50
25
44
95
59
76
73
23
74
50
23
91
18
6
100
96
24
14
100
87
2
10
67
8
36
79
71
46
90
21
58
21
33
83
67
49
33
68
91
83
92
7
37
7
79
20
35
88
92
32
74
93
41
93
52
28
71
74
74
60
94
83
33
78
65
99
26
49
66
68
31
57
27
19
15
5
39
49
44
82
80
70
74
72
62
77
100
32
50
25
44
95
59
76
73
23
74
50
23
91
18
6
100
96
24
14
100
92
55
31
16
29
4
65
51
46
34
8
97
29
84
63
80
97
77
75
44
74
38
63
43
15
11
15
75
7
11
78
50
65
8
65
45
63
82
96
60
15
3
57
96
38
19
75
35
95
49
30
20
39
44
63
53
54
29
27
13
40
56
14
56
63
79
1
77
12
48
36
26
2
92
73
40
62
48
74
8
48
55
28
86
98
42
90
4
70
68
68
9
23
81
65
37
11
17
65
22
64
1
100
65
44
72
4
6
19
29
13
19
83
92
4
33
33
46
36
3
13
55
63
88
35
79
76
98
95
41
19
58
41
18
23
36
90
26
41
60
7
6
78
89
97
34
73
82
79
60
84
43
14
98
82
1
77
58
98
23
98
16
81
90
34
55
25
75
32
18
34
38
75
64
27
71
97
51
4
27
11
39
69
24
37
51
24
65
8
21
87
57
89
19
46
74
73
22
48
5
39
33
42
13
96
20
36
44
71
39
70
33
30
91
56
66
93
32
82
52
52
68
8
40
39
5
65
11
26
12
67
17
97
61
29
44
32
16
88
54
7
9
86
36
51
42
53
43
73
34
94
76
53
53
68
91
9
32
54
35
96
72
51
92
32
31
87
16
47
74
69
5
35
55
92
37
48
44
80
72
29
25
99
33
30
66
76
38
50
29
72
45
52
74
88
84
57
74
51
55
100
19
59
86
25
50
22
72
45
53
95
73
78
94
57
59
11
32
96
12
12
20
8
64
45
95
99
1
21
49
55
72
67
13
57
44
14
45
52
74
88
84
57
74
51
55
100
19
59
86
25
50
22
72
45
53
95
73
78
94
57
59
11
32
96
12
12
20
8
64
45
95
99
1
21
49
55
72
67
13
57
44
14
42
45
26
41
82
79
85
2
57
46
25
64
63
62
30
5
25
88
31
44
49
97
61
31
69
97
50
75
38
94
1
80
90
79
20
71
57
56
24
66
2
48
29
16
61
58
20
85
97
2
80
98
99
92
28
67
41
30
93
78
75
94
57
64
72
28
34
80
84
57
45
37
4
26
52
17
35
23
53
32
25
33
81
75
76
60
93
16
89
38
46
63
83
2
78
6
82
11
85
65
67
82
53
23
59
4
91
93
78
43
76
2
27
56
28
3
16
21
70
56
10
15
19
92
69
48
97
2
59
33
66
77
66
18
51
24
73
41
17
50
84
92
4
62
48
31
16
15
3
86
70
12
52
40
3
72
88
51
73
46
84
90
22
49
59
25
73
31
65
89
33
100
32
88
62
79
18
29
93
73
14
15
36
18
54
91
41
41
41
14
86
24
55
60
73
14
36
97
96
100
85
80
52
68
67
65
47
37
93
91
9
59
5
96
28
11
86
68
51
79
9
59
5
96
28
11
86
68
51
79
22
22
88
26
56
14
25
42
75
56
30
52
54
83
79
87
80
49
81
35
23
22
17
7
48
18
93
57
100
68
67
73
89
6
98
97
71
75
90
46
30
71
49
83
53
80
22
84
28
2
18
50
75
34
8
74
52
100
30
3
19
96
28
60
54
77
56
24
51
97
21
33
19
22
67
24
1
88
7
28
41
25
29
15
10
88
89
61
39
70
16
58
66
95
17
71
71
24
46
22
72
19
6
90
40
72
13
40
12
20
19
52
44
99
19
53
86
59
66
24
28
33
81
45
27
49
67
97
72
13
70
43
31
75
33
22
99
45
13
10
16
31
13
59
29
83
64
66
93
81
89
73
65
22
17
91
70
84
39
42
48
9
84
30
35
68
51
85
65
63
46
80
45
11
91
25
93
54
90
38
86
30
10
50
51
26
92
73
61
30
14
60
90
49
41
25
69
91
61
33
5
7
12
1
17
2
25
61
7
66
98
44
96
7
93
98
85
36
70
97
66
35
57
55
84
97
31
4
40
92
36
96
98
99
97
66
1
73
26
59
39
24
55
86
82
99
83
66
35
5
15
100
39
23
54
74
71
37
77
10
28
12
58
77
11
6
42
63
78
90
38
86
30
10
50
51
26
92
73
61
30
14
60
90
49
41
25
69
91
61
33
5
7
12
1
17
2
25
61
7
66
98
44
96
7
93
98
85
36
70
97
66
35
57
55
84
97
31
4
40
92
36
96
98
99
97
66
1
73
26
59
39
24
55
86
82
99
83
66
35
5
15
100
39
23
54
74
71
37
77
10
28
12
58
77
11
6
42
63
78
